point0,6.89117431641,6.40781831741,0.0,0.0,0.0,0.712730294722,0.701438184721
point1,6.9096903801,6.41707658768,0.0,0.0,0.0,0.999912856534,0.0132014899797
point2,6.8104968071,6.73551416397,0.0,0.0,0.0,-0.00441958221078,0.999990233599
point3,6.86430168152,6.5201177597,0.0,0.0,0.0,-0.705090587538,0.709117242326
point4,6.83860301971,4.69092988968,0.0,0.0,0.0,0.710924636864,0.703268199694
point5,6.85793066025,4.77351951599,0.0,0.0,0.0,-0.999999442891,0.00105556486741
point6,6.81971406937,4.57058382034,0.0,0.0,0.0,0.00133380770127,0.999999110478
point7,6.78283452988,4.63556337357,0.0,0.0,0.0,-0.701328274207,0.712838447194
point8,5.15045213699,4.68297195435,0.0,0.0,0.0,0.709993248729,0.704208482453
point9,5.13267183304,4.84049034119,0.0,0.0,0.0,0.999989481655,0.00458656517123
point10,5.09609508514,4.88721942902,0.0,0.0,0.0,-0.0110807680947,0.999938606405
point11,5.16923427582,4.79377841949,0.0,0.0,0.0,-0.709634693245,0.704569799341
point12,5.04775667191,3.86392641068,0.0,0.0,0.0,0.707753193788,0.706459777116
point13,4.9741153717,3.8459546566,0.0,0.0,0.0,0.999989822294,0.00451168580226
point14,4.96491003036,3.85559725761,0.0,0.0,0.0,-0.00443959563754,0.999990144947
point15,5.0385518074,3.83652973175,0.0,0.0,0.0,-0.710028895584,0.704172540956
point16,4.99528264999,3.01137280464,0.0,0.0,0.0,0.704347199893,0.70985563462
point17,4.9860959053,3.01159143448,0.0,0.0,0.0,0.999990877228,0.00427147059585
point18,5.00403261185,3.00218582153,0.0,0.0,0.0,0.000874133438941,0.999999617945
point19,5.0415930748,3.03877019882,0.0,0.0,0.0,-0.704461030584,0.709742669133
point20,5.01694107056,0.963854789734,0.0,0.0,0.0,0.704612829693,0.709591967423
point21,5.00779724121,0.954819560051,0.0,0.0,0.0,-0.999999320922,0.00116539959907
point22,4.96244668961,1.02855813503,0.0,0.0,0.0,-0.00436975456257,0.999990452577
point23,5.04350328445,0.899465680122,0.0,0.0,0.0,-0.703435771268,0.710758830899



6.86965465546,6.51828098297,0.0,0.0,0.0,0.692422134182,0.721492611254
6.89246463776,6.48687124252,0.0,0.0,0.0,0.999904525104,0.0138181285188
 6.88629436493,6.68393182755,0.0,0.0,0.0,0.000726828879102,0.99999973586
 6.86176586151,6.52655982971,0.0,0.0,0.0,-0.716052535376,0.698046392857
6.88161754608,4.67618131638,0.0,0.0,0.0,0.704378824086,0.709824254432
 6.85238933563,4.76660633087,0.0,0.0,0.0,0.999989432369,0.00459729808077
6.85104894638,4.63169908524,0.0,0.0,0.0,0.00182754067833,0.999998330046
6.82862758636,4.66194248199,0.0,0.0,0.0,-0.71560847801,0.698501615031
4.99942016602,4.87630987167,0.0,0.0,0.0,0.704492288502,0.709711642459
5.04526901245,4.93616247177,0.0,0.0,0.0,-0.999994257829,0.00338885057269
  covariance: [0.25, 0.0, 0.0, 0.0, 0.0, 0.0, 0.0, 0.25, 0.0, 0.0, 0.0, 0.0, 0.0, 0.0, 0.0, 0.0, 0.0, 0.0, 0.0, 0.0, 0.0, 0.0, 0.0, 0.0, 0.0, 0.0, 0.0, 0.0, 0.0, 0.0, 0.0, 0.0, 0.0, 0.0, 0.0, 0.06853891945200942]
---
header: 
  seq: 10
  stamp: 
    secs: 1562037751
    nsecs: 963529836
  frame_id: "map"
pose: 
  pose: 
    position: 
      x: 4.9851140976
      y: 4.90661859512
      z: 0.0
    orientation: 
      x: 0.0
      y: 0.0
      z: -0.00396432502409
      w: 0.999992142033
  covariance: [0.25, 0.0, 0.0, 0.0, 0.0, 0.0, 0.0, 0.25, 0.0, 0.0, 0.0, 0.0, 0.0, 0.0, 0.0, 0.0, 0.0, 0.0, 0.0, 0.0, 0.0, 0.0, 0.0, 0.0, 0.0, 0.0, 0.0, 0.0, 0.0, 0.0, 0.0, 0.0, 0.0, 0.0, 0.0, 0.06853891945200942]
---
header: 
  seq: 11
  stamp: 
    secs: 1562037755
    nsecs: 823624115
  frame_id: "map"
pose: 
  pose: 
    position: 
      x: 4.97696304321
      y: 4.89947128296
      z: 0.0
    orientation: 
      x: 0.0
      y: 0.0
      z: -0.715035352213
      w: 0.699088295629
  covariance: [0.25, 0.0, 0.0, 0.0, 0.0, 0.0, 0.0, 0.25, 0.0, 0.0, 0.0, 0.0, 0.0, 0.0, 0.0, 0.0, 0.0, 0.0, 0.0, 0.0, 0.0, 0.0, 0.0, 0.0, 0.0, 0.0, 0.0, 0.0, 0.0, 0.0, 0.0, 0.0, 0.0, 0.0, 0.0, 0.06853891945200942]
---
header: 
  seq: 12
  stamp: 
    secs: 1562037762
    nsecs: 601763395
  frame_id: "map"
pose: 
  pose: 
    position: 
      x: 4.96739864349
      y: 3.97179841995
      z: 0.0
    orientation: 
      x: 0.0
      y: 0.0
      z: 0.704722933956
      w: 0.709482618784
  covariance: [0.25, 0.0, 0.0, 0.0, 0.0, 0.0, 0.0, 0.25, 0.0, 0.0, 0.0, 0.0, 0.0, 0.0, 0.0, 0.0, 0.0, 0.0, 0.0, 0.0, 0.0, 0.0, 0.0, 0.0, 0.0, 0.0, 0.0, 0.0, 0.0, 0.0, 0.0, 0.0, 0.0, 0.0, 0.0, 0.06853891945200942]
---
header: 
  seq: 13
  stamp: 
    secs: 1562037766
    nsecs: 282986008
  frame_id: "map"
pose: 
  pose: 
    position: 
      x: 5.01248645782
      y: 3.99380970001
      z: 0.0
    orientation: 
      x: 0.0
      y: 0.0
      z: -0.999999625947
      w: 0.000864931471395
  covariance: [0.25, 0.0, 0.0, 0.0, 0.0, 0.0, 0.0, 0.25, 0.0, 0.0, 0.0, 0.0, 0.0, 0.0, 0.0, 0.0, 0.0, 0.0, 0.0, 0.0, 0.0, 0.0, 0.0, 0.0, 0.0, 0.0, 0.0, 0.0, 0.0, 0.0, 0.0, 0.0, 0.0, 0.0, 0.0, 0.06853891945200942]
---
header: 
  seq: 14
  stamp: 
    secs: 1562037768
    nsecs: 471360731
  frame_id: "map"
pose: 
  pose: 
    position: 
      x: 5.01255130768
      y: 3.96377325058
      z: 0.0
    orientation: 
      x: 0.0
      y: 0.0
      z: -0.00441216960013
      w: 0.999990266332
  covariance: [0.25, 0.0, 0.0, 0.0, 0.0, 0.0, 0.0, 0.25, 0.0, 0.0, 0.0, 0.0, 0.0, 0.0, 0.0, 0.0, 0.0, 0.0, 0.0, 0.0, 0.0, 0.0, 0.0, 0.0, 0.0, 0.0, 0.0, 0.0, 0.0, 0.0, 0.0, 0.0, 0.0, 0.0, 0.0, 0.06853891945200942]
---
header: 
  seq: 15
  stamp: 
    secs: 1562037773
    nsecs: 807883702
  frame_id: "map"
pose: 
  pose: 
    position: 
      x: 5.01194143295
      y: 3.91154193878
      z: 0.0
    orientation: 
      x: 0.0
      y: 0.0
      z: -0.713427765301
      w: 0.700728780412
  covariance: [0.25, 0.0, 0.0, 0.0, 0.0, 0.0, 0.0, 0.25, 0.0, 0.0, 0.0, 0.0, 0.0, 0.0, 0.0, 0.0, 0.0, 0.0, 0.0, 0.0, 0.0, 0.0, 0.0, 0.0, 0.0, 0.0, 0.0, 0.0, 0.0, 0.0, 0.0, 0.0, 0.0, 0.0, 0.0, 0.06853891945200942]
---
header: 
  seq: 16
  stamp: 
    secs: 1562037779
    nsecs: 326925105
  frame_id: "map"
pose: 
  pose: 
    position: 
      x: 5.00765752792
      y: 3.06598162651
      z: 0.0
    orientation: 
      x: 0.0
      y: 0.0
      z: 0.70766222057
      w: 0.706550905157
  covariance: [0.25, 0.0, 0.0, 0.0, 0.0, 0.0, 0.0, 0.25, 0.0, 0.0, 0.0, 0.0, 0.0, 0.0, 0.0, 0.0, 0.0, 0.0, 0.0, 0.0, 0.0, 0.0, 0.0, 0.0, 0.0, 0.0, 0.0, 0.0, 0.0, 0.0, 0.0, 0.0, 0.0, 0.0, 0.0, 0.06853891945200942]
---
header: 
  seq: 17
  stamp: 
    secs: 1562037783
    nsecs: 694062712
  frame_id: "map"
pose: 
  pose: 
    position: 
      x: 4.99989032745
      y: 3.01372337341
      z: 0.0
    orientation: 
      x: 0.0
      y: 0.0
      z: 0.999939371699
      w: 0.0110114906089
  covariance: [0.25, 0.0, 0.0, 0.0, 0.0, 0.0, 0.0, 0.25, 0.0, 0.0, 0.0, 0.0, 0.0, 0.0, 0.0, 0.0, 0.0, 0.0, 0.0, 0.0, 0.0, 0.0, 0.0, 0.0, 0.0, 0.0, 0.0, 0.0, 0.0, 0.0, 0.0, 0.0, 0.0, 0.0, 0.0, 0.06853891945200942]
---
header: 
  seq: 18
  stamp: 
    secs: 1562037786
    nsecs: 893086707
  frame_id: "map"
pose: 
  pose: 
    position: 
      x: 5.0370759964
      y: 2.99844002724
      z: 0.0
    orientation: 
      x: 0.0
      y: 0.0
      z: 0.000620420938877
      w: 0.999999807539
  covariance: [0.25, 0.0, 0.0, 0.0, 0.0, 0.0, 0.0, 0.25, 0.0, 0.0, 0.0, 0.0, 0.0, 0.0, 0.0, 0.0, 0.0, 0.0, 0.0, 0.0, 0.0, 0.0, 0.0, 0.0, 0.0, 0.0, 0.0, 0.0, 0.0, 0.0, 0.0, 0.0, 0.0, 0.0, 0.0, 0.06853891945200942]
---
header: 
  seq: 19
  stamp: 
    secs: 1562037789
    nsecs: 918176279
  frame_id: "map"
pose: 
  pose: 
    position: 
      x: 5.00697231293
      y: 3.0136346817
      z: 0.0
    orientation: 
      x: 0.0
      y: 0.0
      z: -0.706555453807
      w: 0.707657679034
  covariance: [0.25, 0.0, 0.0, 0.0, 0.0, 0.0, 0.0, 0.25, 0.0, 0.0, 0.0, 0.0, 0.0, 0.0, 0.0, 0.0, 0.0, 0.0, 0.0, 0.0, 0.0, 0.0, 0.0, 0.0, 0.0, 0.0, 0.0, 0.0, 0.0, 0.0, 0.0, 0.0, 0.0, 0.0, 0.0, 0.06853891945200942]
---
header: 
  seq: 20
  stamp: 
    secs: 1562037803
    nsecs: 236479211
  frame_id: "map"
pose: 
  pose: 
    position: 
      x: 5.00001478195
      y: 1.14691698551
      z: 0.0
    orientation: 
      x: 0.0
      y: 0.0
      z: 0.704543252022
      w: 0.709661050101
  covariance: [0.25, 0.0, 0.0, 0.0, 0.0, 0.0, 0.0, 0.25, 0.0, 0.0, 0.0, 0.0, 0.0, 0.0, 0.0, 0.0, 0.0, 0.0, 0.0, 0.0, 0.0, 0.0, 0.0, 0.0, 0.0, 0.0, 0.0, 0.0, 0.0, 0.0, 0.0, 0.0, 0.0, 0.0, 0.0, 0.06853891945200942]
---
header: 
  seq: 21
  stamp: 
    secs: 1562037807
    nsecs: 154401750
  frame_id: "map"
pose: 
  pose: 
    position: 
      x: 4.98490190506
      y: 1.12468528748
      z: 0.0
    orientation: 
      x: 0.0
      y: 0.0
      z: -0.999954539977
      w: 0.00953509198391
  covariance: [0.25, 0.0, 0.0, 0.0, 0.0, 0.0, 0.0, 0.25, 0.0, 0.0, 0.0, 0.0, 0.0, 0.0, 0.0, 0.0, 0.0, 0.0, 0.0, 0.0, 0.0, 0.0, 0.0, 0.0, 0.0, 0.0, 0.0, 0.0, 0.0, 0.0, 0.0, 0.0, 0.0, 0.0, 0.0, 0.06853891945200942]
---
header: 
  seq: 22
  stamp: 
    secs: 1562037809
    nsecs:  16291333
  frame_id: "map"
pose: 
  pose: 
    position: 
      x: 4.95441675186
      y: 0.968777120113
      z: 0.0
    orientation: 
      x: 0.0
      y: 0.0
      z: -0.703962335522
      w: 0.71023730553
  covariance: [0.25, 0.0, 0.0, 0.0, 0.0, 0.0, 0.0, 0.25, 0.0, 0.0, 0.0, 0.0, 0.0, 0.0, 0.0, 0.0, 0.0, 0.0, 0.0, 0.0, 0.0, 0.0, 0.0, 0.0, 0.0, 0.0, 0.0, 0.0, 0.0, 0.0, 0.0, 0.0, 0.0, 0.0, 0.0, 0.06853891945200942]
---
header: 
  seq: 23
  stamp: 
    secs: 1562037817
    nsecs:  18572081
  frame_id: "map"
pose: 
  pose: 
    position: 
      x: 4.97689723969
      y: 1.02062177658
      z: 0.0
    orientation: 
      x: 0.0
      y: 0.0
      z: 0.000168650009004
      w: 0.999999985779

